21
22
23
24
25
26
27
28
29
2021
22
23
24
25
26
27
28
29
2021
22
23
24
25
26
27
28
29
2021
22
23
24
25
26
27
28
29
2021
22
23
24
25
26
27
28
29
2021
22
23
24
25
26
27
28
29
2021
22
23
24
25
26
27
28
29
2021
22
23
24
25
26
27
28
29
2021
22
23
24
25
26
27
28
29
2021
22
23
24
25
26
27
28
29
2021
22
23
24
25
26
27
28
29
2021
22
23
24
25
26
27
28
29
2021
22
23 upd line
24 upd line
25
26
27
28
29
2021
22
23
24
25
26
27
28
29
2021
22
23
24
25
26
27
28
29
2021
22
23
24
25
26
27
28
29
2021
22
23
24
25
26
27
28
29
2021
22
23
24
25
26
27
28
29
2021
22
23
24
25
26
27
28
29
2021
22
23
24
25
26
27
28
29
2021
22
23
24
25
26
27
28
29
20
